0.03571428571428571	0.08333333333333333	0.05952380952380952	0.011904761904761904	0.011904761904761904	0.011904761904761904	0.39285714285714285	0.03571428571428571	0.011904761904761904	0.05952380952380952	0.011904761904761904	0.011904761904761904	0.011904761904761904	0.011904761904761904	0.011904761904761904	0.011904761904761904	0.08333333333333333	0.011904761904761904	0.03571428571428571	0.08333333333333333
0.008771929824561403	0.008771929824561403	0.008771929824561403	0.043859649122807015	0.008771929824561403	0.02631578947368421	0.008771929824561403	0.02631578947368421	0.02631578947368421	0.06140350877192982	0.02631578947368421	0.06140350877192982	0.008771929824561403	0.008771929824561403	0.07894736842105263	0.043859649122807015	0.14912280701754385	0.11403508771929824	0.18421052631578946	0.09649122807017543
0.007575757575757576	0.03787878787878788	0.022727272727272728	0.022727272727272728	0.007575757575757576	0.17424242424242425	0.03787878787878788	0.03787878787878788	0.007575757575757576	0.03787878787878788	0.03787878787878788	0.12878787878787878	0.03787878787878788	0.022727272727272728	0.022727272727272728	0.022727272727272728	0.022727272727272728	0.022727272727272728	0.1893939393939394	0.09848484848484848
0.06281407035175879	0.032663316582914576	0.04773869346733668	0.13316582914572864	0.02763819095477387	0.052763819095477386	0.06281407035175879	0.0678391959798995	0.0728643216080402	0.04773869346733668	0.032663316582914576	0.04773869346733668	0.022613065326633167	0.022613065326633167	0.022613065326633167	0.017587939698492462	0.0678391959798995	0.04271356783919598	0.0678391959798995	0.04773869346733668
0.044715447154471545	0.044715447154471545	0.044715447154471545	0.052845528455284556	0.044715447154471545	0.052845528455284556	0.12601626016260162	0.09349593495934959	0.06097560975609756	0.036585365853658534	0.02032520325203252	0.06097560975609756	0.02032520325203252	0.012195121951219513	0.0040650406504065045	0.036585365853658534	0.06910569105691057	0.036585365853658534	0.06910569105691057	0.06910569105691057
0.11585365853658537	0.07926829268292683	0.06707317073170732	0.03048780487804878	0.054878048780487805	0.07926829268292683	0.06707317073170732	0.09146341463414634	0.018292682926829267	0.006097560975609756	0.042682926829268296	0.042682926829268296	0.11585365853658537	0.018292682926829267	0.018292682926829267	0.03048780487804878	0.03048780487804878	0.006097560975609756	0.03048780487804878	0.054878048780487805
0.009259259259259259	0.027777777777777776	0.10185185185185185	0.06481481481481481	0.046296296296296294	0.009259259259259259	0.027777777777777776	0.08333333333333333	0.009259259259259259	0.06481481481481481	0.1388888888888889	0.12037037037037036	0.06481481481481481	0.1388888888888889	0.009259259259259259	0.027777777777777776	0.009259259259259259	0.009259259259259259	0.027777777777777776	0.009259259259259259
0.05232558139534884	0.05232558139534884	0.005813953488372093	0.01744186046511628	0.005813953488372093	0.005813953488372093	0.040697674418604654	0.040697674418604654	0.01744186046511628	0.005813953488372093	0.0755813953488372	0.05232558139534884	0.13372093023255813	0.0755813953488372	0.05232558139534884	0.0755813953488372	0.005813953488372093	0.13372093023255813	0.05232558139534884	0.09883720930232558
0.007936507936507936	0.07142857142857142	0.07142857142857142	0.03968253968253968	0.007936507936507936	0.007936507936507936	0.023809523809523808	0.007936507936507936	0.023809523809523808	0.0873015873015873	0.023809523809523808	0.007936507936507936	0.023809523809523808	0.023809523809523808	0.023809523809523808	0.007936507936507936	0.15079365079365079	0.3253968253968254	0.007936507936507936	0.05555555555555555
0.02054794520547945	0.00684931506849315	0.03424657534246575	0.10273972602739725	0.00684931506849315	0.14383561643835616	0.08904109589041095	0.07534246575342465	0.06164383561643835	0.03424657534246575	0.04794520547945205	0.02054794520547945	0.00684931506849315	0.02054794520547945	0.03424657534246575	0.03424657534246575	0.00684931506849315	0.08904109589041095	0.14383561643835616	0.02054794520547945
0.11652542372881355	0.048728813559322036	0.1038135593220339	0.04025423728813559	0.05296610169491525	0.04449152542372881	0.04025423728813559	0.04025423728813559	0.036016949152542374	0.02754237288135593	0.07415254237288135	0.03177966101694915	0.09110169491525423	0.014830508474576272	0.006355932203389831	0.03177966101694915	0.04449152542372881	0.03177966101694915	0.10805084745762712	0.014830508474576272
0.0871559633027523	0.0045871559633027525	0.03211009174311927	0.0045871559633027525	0.013761467889908258	0.06880733944954129	0.022935779816513763	0.013761467889908258	0.18807339449541285	0.0045871559633027525	0.16972477064220184	0.05045871559633028	0.06880733944954129	0.022935779816513763	0.013761467889908258	0.0779816513761468	0.03211009174311927	0.06880733944954129	0.013761467889908258	0.04128440366972477
0.0353448275862069	0.061206896551724135	0.04051724137931034	0.06637931034482758	0.06637931034482758	0.08017241379310344	0.06465517241379311	0.04224137931034483	0.06293103448275862	0.028448275862068967	0.02327586206896552	0.05086206896551724	0.04396551724137931	0.07327586206896551	0.04051724137931034	0.03189655172413793	0.04741379310344827	0.04396551724137931	0.03879310344827586	0.05775862068965517
0.18902439024390244	0.006097560975609756	0.018292682926829267	0.042682926829268296	0.06707317073170732	0.03048780487804878	0.1402439024390244	0.018292682926829267	0.054878048780487805	0.018292682926829267	0.07926829268292683	0.03048780487804878	0.1402439024390244	0.006097560975609756	0.006097560975609756	0.03048780487804878	0.006097560975609756	0.042682926829268296	0.006097560975609756	0.06707317073170732
0.011811023622047244	0.07480314960629922	0.03543307086614173	0.16929133858267717	0.03543307086614173	0.06692913385826772	0.003937007874015748	0.051181102362204724	0.09055118110236221	0.04330708661417323	0.011811023622047244	0.1377952755905512	0.003937007874015748	0.03543307086614173	0.003937007874015748	0.06692913385826772	0.04330708661417323	0.05905511811023622	0.01968503937007874	0.03543307086614173
0.028106508875739646	0.04881656804733728	0.08136094674556213	0.03106508875739645	0.09911242603550297	0.06656804733727811	0.04585798816568047	0.04881656804733728	0.057692307692307696	0.05473372781065089	0.042899408284023666	0.03106508875739645	0.019230769230769232	0.019230769230769232	0.07544378698224852	0.05473372781065089	0.051775147928994084	0.07544378698224852	0.016272189349112426	0.051775147928994084
0.07857142857142857	0.007142857142857143	0.02142857142857143	0.09285714285714286	0.05	0.02142857142857143	0.15	0.05	0.12142857142857143	0.10714285714285714	0.007142857142857143	0.007142857142857143	0.007142857142857143	0.02142857142857143	0.06428571428571428	0.06428571428571428	0.05	0.03571428571428571	0.03571428571428571	0.007142857142857143
0.102	0.022	0.026	0.038	0.066	0.066	0.082	0.046	0.078	0.05	0.014	0.03	0.102	0.018	0.05	0.038	0.05	0.038	0.01	0.074
0.05232558139534884	0.11046511627906977	0.029069767441860465	0.05232558139534884	0.09883720930232558	0.029069767441860465	0.13372093023255813	0.040697674418604654	0.0755813953488372	0.040697674418604654	0.005813953488372093	0.005813953488372093	0.01744186046511628	0.0872093023255814	0.01744186046511628	0.09883720930232558	0.005813953488372093	0.06395348837209303	0.005813953488372093	0.029069767441860465
0.017857142857142856	0.017857142857142856	0.017857142857142856	0.05357142857142857	0.10119047619047619	0.125	0.041666666666666664	0.125	0.005952380952380952	0.005952380952380952	0.017857142857142856	0.017857142857142856	0.125	0.08928571428571429	0.041666666666666664	0.017857142857142856	0.10119047619047619	0.05357142857142857	0.017857142857142856	0.005952380952380952
0.04583333333333333	0.020833333333333332	0.04583333333333333	0.10416666666666667	0.05416666666666667	0.0125	0.029166666666666667	0.020833333333333332	0.0875	0.0875	0.0375	0.0125	0.0125	0.020833333333333332	0.029166666666666667	0.0625	0.10416666666666667	0.0625	0.1125	0.0375
0.13729508196721313	0.02663934426229508	0.022540983606557378	0.0430327868852459	0.022540983606557378	0.030737704918032786	0.10040983606557377	0.06352459016393443	0.055327868852459015	0.055327868852459015	0.03483606557377049	0.07172131147540983	0.03483606557377049	0.0471311475409836	0.08401639344262295	0.006147540983606557	0.018442622950819672	0.09221311475409837	0.05122950819672131	0.0020491803278688526
0.0472972972972973	0.0472972972972973	0.033783783783783786	0.006756756756756757	0.16891891891891891	0.006756756756756757	0.033783783783783786	0.08783783783783784	0.006756756756756757	0.02027027027027027	0.0472972972972973	0.0472972972972973	0.006756756756756757	0.006756756756756757	0.0472972972972973	0.07432432432432433	0.19594594594594594	0.0472972972972973	0.02027027027027027	0.0472972972972973
0.1	0.05555555555555555	0.003703703703703704	0.03333333333333333	0.13703703703703704	0.025925925925925925	0.018518518518518517	0.003703703703703704	0.05555555555555555	0.025925925925925925	0.07037037037037037	0.05555555555555555	0.003703703703703704	0.011111111111111112	0.16666666666666666	0.018518518518518517	0.03333333333333333	0.03333333333333333	0.06296296296296296	0.08518518518518518
0.06902985074626866	0.016791044776119403	0.03917910447761194	0.0018656716417910447	0.07649253731343283	0.06529850746268656	0.04291044776119403	0.07649253731343283	0.03917910447761194	0.09514925373134328	0.016791044776119403	0.061567164179104475	0.005597014925373134	0.020522388059701493	0.11753731343283583	0.04291044776119403	0.04664179104477612	0.024253731343283583	0.07276119402985075	0.06902985074626866
0.030120481927710843	0.018072289156626505	0.018072289156626505	0.04216867469879518	0.10240963855421686	0.05421686746987952	0.006024096385542169	0.030120481927710843	0.10240963855421686	0.006024096385542169	0.006024096385542169	0.0783132530120482	0.0783132530120482	0.06626506024096386	0.10240963855421686	0.006024096385542169	0.0783132530120482	0.04216867469879518	0.030120481927710843	0.10240963855421686
0.052941176470588235	0.01764705882352941	0.12352941176470589	0.029411764705882353	0.041176470588235294	0.0058823529411764705	0.029411764705882353	0.1588235294117647	0.0058823529411764705	0.01764705882352941	0.041176470588235294	0.13529411764705881	0.041176470588235294	0.01764705882352941	0.01764705882352941	0.13529411764705881	0.029411764705882353	0.06470588235294118	0.029411764705882353	0.0058823529411764705
0.042682926829268296	0.10365853658536585	0.054878048780487805	0.006097560975609756	0.018292682926829267	0.03048780487804878	0.07926829268292683	0.03048780487804878	0.11585365853658537	0.042682926829268296	0.07926829268292683	0.10365853658536585	0.06707317073170732	0.03048780487804878	0.11585365853658537	0.006097560975609756	0.006097560975609756	0.03048780487804878	0.006097560975609756	0.03048780487804878
0.09294871794871795	0.041666666666666664	0.009615384615384616	0.125	0.04807692307692308	0.022435897435897436	0.028846153846153848	0.022435897435897436	0.035256410256410256	0.035256410256410256	0.09935897435897435	0.009615384615384616	0.04807692307692308	0.04807692307692308	0.08653846153846154	0.035256410256410256	0.009615384615384616	0.07371794871794872	0.016025641025641024	0.11217948717948718
0.075	0.0050	0.095	0.055	0.015	0.065	0.025	0.055	0.055	0.0050	0.055	0.085	0.135	0.015	0.055	0.045	0.025	0.015	0.065	0.055
0.11481481481481481	0.025925925925925925	0.018518518518518517	0.03333333333333333	0.10740740740740741	0.09259259259259259	0.040740740740740744	0.04814814814814815	0.011111111111111112	0.018518518518518517	0.03333333333333333	0.018518518518518517	0.07777777777777778	0.011111111111111112	0.07037037037037037	0.018518518518518517	0.08518518518518518	0.04814814814814815	0.1	0.025925925925925925
0.08598726114649681	0.04777070063694268	0.028662420382165606	0.07961783439490445	0.01592356687898089	0.054140127388535034	0.03503184713375796	0.06687898089171974	0.022292993630573247	0.07961783439490445	0.009554140127388535	0.022292993630573247	0.009554140127388535	0.03503184713375796	0.022292993630573247	0.06687898089171974	0.11146496815286625	0.01592356687898089	0.03503184713375796	0.15605095541401273
0.09740259740259741	0.05844155844155844	0.01948051948051948	0.006493506493506494	0.006493506493506494	0.07142857142857142	0.006493506493506494	0.07142857142857142	0.05844155844155844	0.08441558441558442	0.006493506493506494	0.24025974025974026	0.01948051948051948	0.006493506493506494	0.09740259740259741	0.05844155844155844	0.006493506493506494	0.006493506493506494	0.032467532467532464	0.045454545454545456
0.19230769230769232	0.038461538461538464	0.023076923076923078	0.007692307692307693	0.038461538461538464	0.023076923076923078	0.023076923076923078	0.023076923076923078	0.1	0.13076923076923078	0.038461538461538464	0.023076923076923078	0.08461538461538462	0.007692307692307693	0.023076923076923078	0.038461538461538464	0.06923076923076923	0.038461538461538464	0.05384615384615385	0.023076923076923078
0.03140096618357488	0.10869565217391304	0.0024154589371980675	0.0893719806763285	0.04106280193236715	0.036231884057971016	0.0893719806763285	0.04106280193236715	0.03140096618357488	0.012077294685990338	0.036231884057971016	0.026570048309178744	0.06521739130434782	0.0748792270531401	0.06521739130434782	0.0024154589371980675	0.007246376811594203	0.12318840579710146	0.03140096618357488	0.08454106280193237
0.04491017964071856	0.020958083832335328	0.008982035928143712	0.014970059880239521	0.0688622754491018	0.12874251497005987	0.0688622754491018	0.0688622754491018	0.04491017964071856	0.014970059880239521	0.04491017964071856	0.08682634730538923	0.0029940119760479044	0.12874251497005987	0.09281437125748503	0.04491017964071856	0.0029940119760479044	0.02694610778443114	0.03293413173652695	0.05089820359281437
0.05	0.03461538461538462	0.07307692307692308	0.11153846153846154	0.026923076923076925	0.057692307692307696	0.011538461538461539	0.011538461538461539	0.057692307692307696	0.026923076923076925	0.0038461538461538464	0.06538461538461539	0.08076923076923077	0.03461538461538462	0.05	0.026923076923076925	0.05	0.04230769230769231	0.057692307692307696	0.12692307692307692
0.019230769230769232	0.08333333333333333	0.08333333333333333	0.04487179487179487	0.04487179487179487	0.00641025641025641	0.04487179487179487	0.10897435897435898	0.03205128205128205	0.07051282051282051	0.00641025641025641	0.08333333333333333	0.03205128205128205	0.09615384615384616	0.057692307692307696	0.03205128205128205	0.00641025641025641	0.04487179487179487	0.057692307692307696	0.04487179487179487
0.05921052631578947	0.019736842105263157	0.05921052631578947	0.07236842105263158	0.019736842105263157	0.1118421052631579	0.006578947368421052	0.07236842105263158	0.03289473684210526	0.03289473684210526	0.09868421052631579	0.125	0.006578947368421052	0.125	0.006578947368421052	0.03289473684210526	0.019736842105263157	0.05921052631578947	0.03289473684210526	0.006578947368421052
0.04054054054054054	0.05855855855855856	0.04054054054054054	0.07657657657657657	0.013513513513513514	0.0045045045045045045	0.013513513513513514	0.0045045045045045045	0.02252252252252252	0.02252252252252252	0.08558558558558559	0.13063063063063063	0.02252252252252252	0.04054054054054054	0.02252252252252252	0.05855855855855856	0.07657657657657657	0.12162162162162163	0.05855855855855856	0.08558558558558559
0.08260869565217391	0.004347826086956522	0.0391304347826087	0.07391304347826087	0.013043478260869565	0.07391304347826087	0.021739130434782608	0.004347826086956522	0.06521739130434782	0.030434782608695653	0.013043478260869565	0.1	0.021739130434782608	0.12608695652173912	0.06521739130434782	0.11739130434782609	0.0391304347826087	0.021739130434782608	0.08260869565217391	0.004347826086956522
0.048672566371681415	0.05752212389380531	0.004424778761061947	0.084070796460177	0.09292035398230089	0.01327433628318584	0.03982300884955752	0.030973451327433628	0.004424778761061947	0.004424778761061947	0.11946902654867257	0.030973451327433628	0.05752212389380531	0.03982300884955752	0.06637168141592921	0.05752212389380531	0.030973451327433628	0.030973451327433628	0.09292035398230089	0.09292035398230089
0.007692307692307693	0.023076923076923078	0.007692307692307693	0.007692307692307693	0.13076923076923078	0.2846153846153846	0.023076923076923078	0.023076923076923078	0.05384615384615385	0.007692307692307693	0.023076923076923078	0.06923076923076923	0.11538461538461539	0.05384615384615385	0.038461538461538464	0.023076923076923078	0.038461538461538464	0.007692307692307693	0.038461538461538464	0.023076923076923078
0.011363636363636364	0.011363636363636364	0.03409090909090909	0.19318181818181818	0.03409090909090909	0.03409090909090909	0.03409090909090909	0.056818181818181816	0.011363636363636364	0.07954545454545454	0.056818181818181816	0.03409090909090909	0.14772727272727273	0.03409090909090909	0.03409090909090909	0.07954545454545454	0.056818181818181816	0.011363636363636364	0.03409090909090909	0.011363636363636364
0.011363636363636364	0.011363636363636364	0.07954545454545454	0.14772727272727273	0.07954545454545454	0.056818181818181816	0.011363636363636364	0.056818181818181816	0.011363636363636364	0.07954545454545454	0.011363636363636364	0.011363636363636364	0.056818181818181816	0.03409090909090909	0.011363636363636364	0.011363636363636364	0.10227272727272728	0.056818181818181816	0.10227272727272728	0.056818181818181816
0.04991539763113367	0.03637901861252115	0.02961082910321489	0.021150592216582064	0.06345177664974619	0.06175972927241963	0.048223350253807105	0.02961082910321489	0.03976311336717428	0.0025380710659898475	0.06514382402707276	0.11082910321489002	0.031302876480541454	0.06683587140439932	0.051607445008460234	0.04991539763113367	0.06683587140439932	0.0583756345177665	0.04145516074450085	0.07529610829103214
0.02577319587628866	0.06701030927835051	0.02577319587628866	0.02577319587628866	0.05670103092783505	0.18041237113402062	0.005154639175257732	0.0979381443298969	0.04639175257731959	0.04639175257731959	0.05670103092783505	0.03608247422680412	0.005154639175257732	0.05670103092783505	0.07731958762886598	0.005154639175257732	0.04639175257731959	0.07731958762886598	0.03608247422680412	0.02577319587628866
0.050347222222222224	0.022569444444444444	0.036458333333333336	0.015625	0.1371527777777778	0.029513888888888888	0.008680555555555556	0.078125	0.036458333333333336	0.036458333333333336	0.057291666666666664	0.057291666666666664	0.043402777777777776	0.07465277777777778	0.07465277777777778	0.026041666666666668	0.0920138888888889	0.036458333333333336	0.026041666666666668	0.06076388888888889
0.03333333333333333	0.08666666666666667	0.006666666666666667	0.03333333333333333	0.04666666666666667	0.03333333333333333	0.06	0.03333333333333333	0.07333333333333333	0.006666666666666667	0.07333333333333333	0.006666666666666667	0.03333333333333333	0.06	0.06	0.03333333333333333	0.06	0.02	0.08666666666666667	0.15333333333333332
0.03618421052631579	0.029605263157894735	0.05592105263157895	0.049342105263157895	0.009868421052631578	0.05592105263157895	0.14144736842105263	0.0625	0.003289473684210526	0.08223684210526316	0.049342105263157895	0.04276315789473684	0.08881578947368421	0.0756578947368421	0.009868421052631578	0.03618421052631579	0.0756578947368421	0.01644736842105263	0.0625	0.01644736842105263
0.010869565217391304	0.010869565217391304	0.05434782608695652	0.09782608695652174	0.14130434782608695	0.010869565217391304	0.14130434782608695	0.010869565217391304	0.03260869565217391	0.010869565217391304	0.010869565217391304	0.010869565217391304	0.11956521739130435	0.03260869565217391	0.03260869565217391	0.07608695652173914	0.03260869565217391	0.11956521739130435	0.010869565217391304	0.03260869565217391
0.05244755244755245	0.024475524475524476	0.017482517482517484	0.024475524475524476	0.0944055944055944	0.017482517482517484	0.05944055944055944	0.045454545454545456	0.024475524475524476	0.07342657342657342	0.0034965034965034965	0.06643356643356643	0.05944055944055944	0.10839160839160839	0.024475524475524476	0.05244755244755245	0.03146853146853147	0.024475524475524476	0.08041958041958042	0.11538461538461539
0.05625	0.03125	0.09375	0.00625	0.18125	0.06875	0.14375	0.05625	0.04375	0.00625	0.00625	0.00625	0.06875	0.03125	0.01875	0.03125	0.00625	0.00625	0.10625	0.03125
0.07142857142857142	0.06043956043956044	0.016483516483516484	0.06043956043956044	0.027472527472527472	0.005494505494505495	0.005494505494505495	0.016483516483516484	0.07142857142857142	0.016483516483516484	0.1043956043956044	0.06043956043956044	0.1813186813186813	0.07142857142857142	0.027472527472527472	0.06043956043956044	0.005494505494505495	0.08241758241758242	0.027472527472527472	0.027472527472527472
0.004464285714285714	0.10267857142857142	0.004464285714285714	0.11160714285714286	0.03125	0.11160714285714286	0.12053571428571429	0.04017857142857143	0.022321428571428572	0.03125	0.013392857142857142	0.07589285714285714	0.05803571428571429	0.11160714285714286	0.013392857142857142	0.05803571428571429	0.004464285714285714	0.07589285714285714	0.004464285714285714	0.004464285714285714
0.1576923076923077	0.026923076923076925	0.08846153846153847	0.0038461538461538464	0.019230769230769232	0.0038461538461538464	0.05	0.07307692307692308	0.04230769230769231	0.019230769230769232	0.057692307692307696	0.057692307692307696	0.057692307692307696	0.026923076923076925	0.057692307692307696	0.11153846153846154	0.08846153846153847	0.0038461538461538464	0.0038461538461538464	0.05
0.03962900505902192	0.05986509274873524	0.03962900505902192	0.04468802698145025	0.05649241146711636	0.03625632377740304	0.03962900505902192	0.06323777403035413	0.05143338954468803	0.022765598650927487	0.03288364249578415	0.07504215851602024	0.0581787521079258	0.05480607082630692	0.049747048903878585	0.04468802698145025	0.0699831365935919	0.05649241146711636	0.06661045531197302	0.03794266441821248
0.02284263959390863	0.0025380710659898475	0.027918781725888325	0.0532994923857868	0.027918781725888325	0.08375634517766498	0.02284263959390863	0.08375634517766498	0.03807106598984772	0.027918781725888325	0.03807106598984772	0.04314720812182741	0.07868020304568528	0.027918781725888325	0.048223350253807105	0.07360406091370558	0.0532994923857868	0.03299492385786802	0.11928934010152284	0.09390862944162437
0.023333333333333334	0.056666666666666664	0.056666666666666664	0.01	0.016666666666666666	0.043333333333333335	0.056666666666666664	0.06333333333333334	0.07666666666666666	0.0033333333333333335	0.09	0.0033333333333333335	0.13	0.05	0.03666666666666667	0.043333333333333335	0.06333333333333334	0.05	0.06333333333333334	0.06333333333333334
0.034375	0.040625	0.028125	0.003125	0.021875	0.153125	0.046875	0.040625	0.009375	0.059375	0.046875	0.078125	0.015625	0.009375	0.234375	0.040625	0.021875	0.078125	0.009375	0.028125
0.04838709677419355	0.005376344086021506	0.03763440860215054	0.03763440860215054	0.026881720430107527	0.10215053763440861	0.22043010752688172	0.03763440860215054	0.03763440860215054	0.016129032258064516	0.03763440860215054	0.10215053763440861	0.06989247311827956	0.005376344086021506	0.005376344086021506	0.03763440860215054	0.03763440860215054	0.03763440860215054	0.005376344086021506	0.0913978494623656
0.04838709677419355	0.04838709677419355	0.03763440860215054	0.005376344086021506	0.03763440860215054	0.12365591397849462	0.03763440860215054	0.03763440860215054	0.15591397849462366	0.026881720430107527	0.0913978494623656	0.05913978494623656	0.0913978494623656	0.016129032258064516	0.005376344086021506	0.03763440860215054	0.005376344086021506	0.026881720430107527	0.04838709677419355	0.05913978494623656
0.10135135135135136	0.0472972972972973	0.033783783783783786	0.14189189189189189	0.02027027027027027	0.02027027027027027	0.0472972972972973	0.033783783783783786	0.033783783783783786	0.060810810810810814	0.006756756756756757	0.02027027027027027	0.033783783783783786	0.02027027027027027	0.0472972972972973	0.12837837837837837	0.006756756756756757	0.006756756756756757	0.12837837837837837	0.060810810810810814
0.02727272727272727	0.00909090909090909	0.051515151515151514	0.0696969696969697	0.03333333333333333	0.021212121212121213	0.08787878787878788	0.03939393939393939	0.03333333333333333	0.06363636363636363	0.11818181818181818	0.08787878787878788	0.03939393939393939	0.02727272727272727	0.045454545454545456	0.00909090909090909	0.08787878787878788	0.0696969696969697	0.045454545454545456	0.03333333333333333
0.026923076923076925	0.019230769230769232	0.026923076923076925	0.026923076923076925	0.03461538461538462	0.07307692307692308	0.09615384615384616	0.05	0.07307692307692308	0.07307692307692308	0.07307692307692308	0.10384615384615385	0.08076923076923077	0.05	0.019230769230769232	0.019230769230769232	0.04230769230769231	0.019230769230769232	0.04230769230769231	0.05
0.04304635761589404	0.0695364238410596	0.056291390728476824	0.0033112582781456954	0.056291390728476824	0.03642384105960265	0.04966887417218543	0.056291390728476824	0.03642384105960265	0.029801324503311258	0.09602649006622517	0.06291390728476821	0.023178807947019868	0.023178807947019868	0.0033112582781456954	0.10264900662251655	0.08940397350993377	0.03642384105960265	0.03642384105960265	0.08940397350993377
0.04054054054054054	0.02252252252252252	0.03153153153153153	0.06756756756756757	0.03153153153153153	0.11261261261261261	0.0045045045045045045	0.04054054054054054	0.04054054054054054	0.04054054054054054	0.03153153153153153	0.04054054054054054	0.08558558558558559	0.02252252252252252	0.04954954954954955	0.03153153153153153	0.0945945945945946	0.0045045045045045045	0.1036036036036036	0.1036036036036036
0.03260869565217391	0.07173913043478261	0.08478260869565217	0.058695652173913045	0.04565217391304348	0.015217391304347827	0.06739130434782609	0.05	0.02826086956521739	0.02391304347826087	0.041304347826086954	0.02826086956521739	0.010869565217391304	0.0891304347826087	0.05	0.06739130434782609	0.06304347826086956	0.0891304347826087	0.02826086956521739	0.05434782608695652
0.07954545454545454	0.026515151515151516	0.125	0.01893939393939394	0.07196969696969698	0.01893939393939394	0.041666666666666664	0.11742424242424243	0.04924242424242424	0.0946969696969697	0.003787878787878788	0.011363636363636364	0.041666666666666664	0.026515151515151516	0.14015151515151514	0.01893939393939394	0.003787878787878788	0.04924242424242424	0.056818181818181816	0.003787878787878788
0.0390625	0.0078125	0.1015625	0.0703125	0.0078125	0.0234375	0.0546875	0.0390625	0.0234375	0.0078125	0.0078125	0.1328125	0.0234375	0.0234375	0.0234375	0.0390625	0.0859375	0.0390625	0.2265625	0.0234375
0.00980392156862745	0.016339869281045753	0.02287581699346405	0.02287581699346405	0.16013071895424835	0.029411764705882353	0.05555555555555555	0.09477124183006536	0.05555555555555555	0.042483660130718956	0.042483660130718956	0.029411764705882353	0.049019607843137254	0.049019607843137254	0.0032679738562091504	0.03594771241830065	0.029411764705882353	0.12091503267973856	0.08823529411764706	0.042483660130718956
0.03860294117647059	0.042279411764705885	0.042279411764705885	0.02389705882352941	0.09375	0.04963235294117647	0.06433823529411764	0.07536764705882353	0.02389705882352941	0.042279411764705885	0.07536764705882353	0.04595588235294118	0.07904411764705882	0.02389705882352941	0.04595588235294118	0.02022058823529412	0.0900735294117647	0.04963235294117647	0.06433823529411764	0.009191176470588236
0.05089820359281437	0.020958083832335328	0.1347305389221557	0.014970059880239521	0.020958083832335328	0.03293413173652695	0.038922155688622756	0.03293413173652695	0.020958083832335328	0.04491017964071856	0.1347305389221557	0.014970059880239521	0.12874251497005987	0.014970059880239521	0.08083832335329341	0.04491017964071856	0.05089820359281437	0.08083832335329341	0.02694610778443114	0.008982035928143712
0.025179856115107913	0.08992805755395683	0.046762589928057555	0.0539568345323741	0.07553956834532374	0.03237410071942446	0.09712230215827339	0.046762589928057555	0.017985611510791366	0.0539568345323741	0.06115107913669065	0.01079136690647482	0.0539568345323741	0.03237410071942446	0.15467625899280577	0.017985611510791366	0.017985611510791366	0.025179856115107913	0.07553956834532374	0.01079136690647482
0.04292084726867335	0.05964325529542921	0.04738015607580825	0.04403567447045708	0.0451505016722408	0.1064659977703456	0.02508361204013378	0.061872909698996656	0.06521739130434782	0.05518394648829431	0.05406911928651059	0.05629877369007804	0.04626532887402453	0.03511705685618729	0.028428093645484948	0.038461538461538464	0.039576365663322184	0.06856187290969899	0.037346711259754736	0.04292084726867335
0.03810623556581986	0.08891454965357967	0.04734411085450346	0.11200923787528869	0.07274826789838337	0.09815242494226328	0.03117782909930716	0.042725173210161664	0.010392609699769052	0.04041570438799076	0.04041570438799076	0.05196304849884527	0.042725173210161664	0.04734411085450346	0.028868360277136258	0.03579676674364896	0.06812933025404157	0.04503464203233257	0.019630484988452657	0.03810623556581986
0.046521035598705504	0.032766990291262135	0.03843042071197411	0.06836569579288027	0.03923948220064725	0.05784789644012945	0.06432038834951456	0.03762135922330097	0.043284789644012944	0.05299352750809062	0.0505663430420712	0.05784789644012945	0.04085760517799353	0.05703883495145631	0.04733009708737864	0.06432038834951456	0.06836569579288027	0.05703883495145631	0.04409385113268608	0.03114886731391586
0.024509803921568627	0.04411764705882353	0.03431372549019608	0.09313725490196079	0.024509803921568627	0.04411764705882353	0.04411764705882353	0.1323529411764706	0.014705882352941176	0.014705882352941176	0.07352941176470588	0.09313725490196079	0.04411764705882353	0.04411764705882353	0.04411764705882353	0.03431372549019608	0.014705882352941176	0.09313725490196079	0.06372549019607843	0.024509803921568627
0.034031413612565446	0.0549738219895288	0.028795811518324606	0.09162303664921466	0.06544502617801047	0.01832460732984293	0.07068062827225131	0.1544502617801047	0.049738219895287955	0.03926701570680628	0.02356020942408377	0.028795811518324606	0.002617801047120419	0.060209424083769635	0.01832460732984293	0.03926701570680628	0.09162303664921466	0.06544502617801047	0.02356020942408377	0.03926701570680628
0.054455445544554455	0.06435643564356436	0.0049504950495049506	0.04455445544554455	0.13366336633663367	0.07425742574257425	0.09405940594059406	0.034653465346534656	0.0049504950495049506	0.14356435643564355	0.07425742574257425	0.01485148514851485	0.0049504950495049506	0.08415841584158416	0.04455445544554455	0.024752475247524754	0.054455445544554455	0.024752475247524754	0.0049504950495049506	0.01485148514851485
0.07352941176470588	0.03758169934640523	0.07679738562091504	0.027777777777777776	0.08006535947712418	0.05065359477124183	0.04084967320261438	0.06045751633986928	0.03758169934640523	0.011437908496732025	0.03104575163398693	0.09313725490196079	0.03431372549019608	0.07679738562091504	0.08006535947712418	0.03104575163398693	0.03758169934640523	0.03104575163398693	0.04738562091503268	0.04084967320261438
0.016778523489932886	0.05704697986577181	0.03691275167785235	0.03691275167785235	0.07046979865771812	0.07046979865771812	0.003355704697986577	0.030201342281879196	0.050335570469798654	0.016778523489932886	0.030201342281879196	0.003355704697986577	0.14429530201342283	0.07718120805369127	0.03691275167785235	0.06375838926174497	0.06375838926174497	0.05704697986577181	0.05704697986577181	0.07718120805369127
0.07075471698113207	0.0047169811320754715	0.08018867924528301	0.08962264150943396	0.08018867924528301	0.12735849056603774	0.04245283018867924	0.07075471698113207	0.08018867924528301	0.0330188679245283	0.05188679245283019	0.0330188679245283	0.0047169811320754715	0.0047169811320754715	0.014150943396226415	0.05188679245283019	0.07075471698113207	0.014150943396226415	0.04245283018867924	0.0330188679245283
0.02295918367346939	0.06377551020408163	0.03316326530612245	0.02806122448979592	0.08418367346938775	0.017857142857142856	0.11989795918367346	0.06377551020408163	0.02806122448979592	0.06887755102040816	0.017857142857142856	0.03316326530612245	0.07397959183673469	0.04846938775510204	0.04336734693877551	0.03826530612244898	0.03316326530612245	0.04846938775510204	0.012755102040816327	0.11989795918367346
0.026595744680851064	0.005319148936170213	0.005319148936170213	0.005319148936170213	0.11170212765957446	0.05851063829787234	0.005319148936170213	0.05851063829787234	0.2074468085106383	0.11170212765957446	0.015957446808510637	0.047872340425531915	0.005319148936170213	0.015957446808510637	0.026595744680851064	0.0797872340425532	0.03723404255319149	0.14361702127659576	0.005319148936170213	0.026595744680851064
0.05474452554744526	0.05474452554744526	0.032846715328467155	0.01824817518248175	0.05474452554744526	0.06934306569343066	0.032846715328467155	0.025547445255474453	0.01824817518248175	0.010948905109489052	0.032846715328467155	0.04744525547445255	0.07664233576642336	0.07664233576642336	0.025547445255474453	0.040145985401459854	0.08394160583941605	0.05474452554744526	0.09854014598540146	0.09124087591240876
0.07671480144404332	0.01895306859205776	0.1055956678700361	0.05144404332129964	0.046028880866425995	0.04963898916967509	0.058664259927797835	0.027978339350180504	0.011732851985559567	0.0315884476534296	0.06768953068592058	0.05685920577617329	0.04422382671480144	0.07129963898916968	0.05324909747292419	0.029783393501805054	0.04061371841155235	0.033393501805054154	0.06768953068592058	0.05685920577617329
0.04736842105263158	0.06842105263157895	0.005263157894736842	0.04736842105263158	0.03684210526315789	0.07894736842105263	0.015789473684210527	0.13157894736842105	0.03684210526315789	0.04736842105263158	0.02631578947368421	0.03684210526315789	0.015789473684210527	0.005263157894736842	0.11052631578947368	0.08947368421052632	0.07894736842105263	0.015789473684210527	0.08947368421052632	0.015789473684210527
0.020138089758342925	0.048906789413118525	0.03394706559263521	0.0523590333716916	0.056962025316455694	0.06962025316455696	0.07307249712313003	0.0523590333716916	0.029344073647871116	0.04200230149597238	0.09838895281933256	0.05005753739930955	0.051208285385500575	0.0523590333716916	0.04200230149597238	0.048906789413118525	0.03394706559263521	0.06962025316455696	0.043153049482163405	0.03164556962025317
0.002380952380952381	0.03571428571428571	0.04047619047619048	0.05476190476190476	0.07857142857142857	0.04047619047619048	0.08333333333333333	0.11190476190476191	0.03571428571428571	0.03571428571428571	0.05476190476190476	0.04523809523809524	0.02142857142857143	0.016666666666666666	0.08333333333333333	0.05952380952380952	0.08333333333333333	0.05952380952380952	0.03571428571428571	0.02142857142857143
0.02631578947368421	0.043859649122807015	0.06140350877192982	0.008771929824561403	0.02631578947368421	0.09649122807017543	0.06140350877192982	0.07894736842105263	0.008771929824561403	0.008771929824561403	0.02631578947368421	0.11403508771929824	0.13157894736842105	0.043859649122807015	0.07894736842105263	0.06140350877192982	0.02631578947368421	0.008771929824561403	0.043859649122807015	0.043859649122807015
0.051304347826086956	0.035652173913043476	0.07217391304347825	0.042608695652173914	0.0391304347826087	0.0391304347826087	0.051304347826086956	0.05652173913043478	0.06521739130434782	0.04434782608695652	0.0408695652173913	0.03217391304347826	0.058260869565217394	0.04608695652173913	0.025217391304347827	0.049565217391304345	0.05304347826086957	0.07391304347826087	0.0808695652173913	0.042608695652173914
0.10855263157894737	0.03618421052631579	0.029605263157894735	0.009868421052631578	0.0625	0.003289473684210526	0.023026315789473683	0.06907894736842106	0.049342105263157895	0.049342105263157895	0.12828947368421054	0.029605263157894735	0.023026315789473683	0.049342105263157895	0.04276315789473684	0.029605263157894735	0.023026315789473683	0.10197368421052631	0.0756578947368421	0.05592105263157895
0.02	0.028	0.02	0.012	0.084	0.06	0.044	0.06	0.02	0.028	0.02	0.1	0.148	0.0040	0.1	0.052	0.06	0.02	0.076	0.044
0.09119496855345911	0.015723270440251572	0.07232704402515723	0.02830188679245283	0.10377358490566038	0.03459119496855346	0.04716981132075472	0.040880503144654086	0.009433962264150943	0.11006289308176101	0.07232704402515723	0.05345911949685535	0.02830188679245283	0.059748427672955975	0.0220125786163522	0.0031446540880503146	0.07232704402515723	0.09748427672955975	0.015723270440251572	0.0220125786163522
0.028409090909090908	0.11931818181818182	0.028409090909090908	0.09659090909090909	0.05113636363636364	0.005681818181818182	0.05113636363636364	0.017045454545454544	0.14204545454545456	0.028409090909090908	0.005681818181818182	0.017045454545454544	0.017045454545454544	0.028409090909090908	0.005681818181818182	0.07386363636363637	0.017045454545454544	0.03977272727272727	0.05113636363636364	0.17613636363636365
0.0539568345323741	0.04984583761562179	0.03854059609455293	0.08376156217882837	0.08581706063720453	0.06217882836587873	0.09815005138746145	0.050873586844809866	0.04265159301130524	0.044707091469681395	0.01079136690647482	0.051901336073997946	0.024152106885919837	0.03237410071942446	0.03545734840698869	0.04265159301130524	0.03854059609455293	0.03751284686536485	0.0683453237410072	0.047790339157245634
0.09931506849315068	0.05136986301369863	0.030821917808219176	0.10616438356164383	0.14726027397260275	0.05136986301369863	0.017123287671232876	0.010273972602739725	0.13356164383561644	0.010273972602739725	0.003424657534246575	0.04452054794520548	0.030821917808219176	0.07876712328767123	0.023972602739726026	0.05821917808219178	0.03767123287671233	0.010273972602739725	0.010273972602739725	0.04452054794520548
0.038461538461538464	0.0034965034965034965	0.0944055944055944	0.10839160839160839	0.10139860139860139	0.03146853146853147	0.0034965034965034965	0.06643356643356643	0.06643356643356643	0.05944055944055944	0.038461538461538464	0.024475524475524476	0.03146853146853147	0.01048951048951049	0.10839160839160839	0.045454545454545456	0.05244755244755245	0.03146853146853147	0.03146853146853147	0.05244755244755245
0.07330827067669173	0.07706766917293233	0.043233082706766915	0.043233082706766915	0.05451127819548872	0.08458646616541353	0.046992481203007516	0.03195488721804511	0.03195488721804511	0.03571428571428571	0.046992481203007516	0.05827067669172932	0.03195488721804511	0.05075187969924812	0.03571428571428571	0.039473684210526314	0.10338345864661654	0.046992481203007516	0.020676691729323307	0.043233082706766915
0.03571428571428571	0.011904761904761904	0.011904761904761904	0.03571428571428571	0.03571428571428571	0.17857142857142858	0.05952380952380952	0.011904761904761904	0.05952380952380952	0.011904761904761904	0.08333333333333333	0.011904761904761904	0.05952380952380952	0.03571428571428571	0.011904761904761904	0.08333333333333333	0.05952380952380952	0.03571428571428571	0.15476190476190477	0.011904761904761904
0.09451219512195122	0.01524390243902439	0.06402439024390244	0.11890243902439024	0.01524390243902439	0.051829268292682924	0.027439024390243903	0.08231707317073171	0.01524390243902439	0.03353658536585366	0.009146341463414634	0.057926829268292686	0.009146341463414634	0.027439024390243903	0.039634146341463415	0.11280487804878049	0.051829268292682924	0.039634146341463415	0.039634146341463415	0.09451219512195122
0.03982300884955752	0.03982300884955752	0.004424778761061947	0.022123893805309734	0.05752212389380531	0.05752212389380531	0.0752212389380531	0.10176991150442478	0.030973451327433628	0.06637168141592921	0.048672566371681415	0.09292035398230089	0.022123893805309734	0.01327433628318584	0.10176991150442478	0.06637168141592921	0.03982300884955752	0.03982300884955752	0.048672566371681415	0.030973451327433628
0.0125	0.0125	0.0375	0.0375	0.020833333333333332	0.05416666666666667	0.0125	0.1125	0.0125	0.19583333333333333	0.07083333333333333	0.04583333333333333	0.004166666666666667	0.0375	0.004166666666666667	0.15416666666666667	0.09583333333333334	0.020833333333333332	0.04583333333333333	0.0125
